Metal,Alchemy,Europe,Prague
Metal,Alchemy,Europe,Prague
Metal,Alchemy,Europe,Prague
Metal,Chemistry,Alchemy,Europe,Prague
Metal,Alchemy,Europe,Prague
